"","Battery","Efficiency","Fast_charge","Price.DE.","Range","Top_speed","acceleration..0.100."
"Battery",1,0.177426864501495,0.597290169012768,0.704391205625863,0.881937109354175,0.698193068020443,-0.610163969371336
"Efficiency",0.177426864501495,1,-0.280821557818831,0.179421568515557,-0.282096555233354,-0.176436509864339,0.389530555196463
"Fast_charge",0.597290169012768,-0.280821557818831,1,0.618950702041341,0.720673757306338,0.775924881980628,-0.671587365914615
"Price.DE.",0.704391205625863,0.179421568515557,0.618950702041341,1,0.59414294480017,0.76289136598561,-0.537711937309851
"Range",0.881937109354175,-0.282096555233354,0.720673757306338,0.59414294480017,1,0.744191943061176,-0.744583282403149
"Top_speed",0.698193068020443,-0.176436509864339,0.775924881980628,0.76289136598561,0.744191943061176,1,-0.839393822577922
"acceleration..0.100.",-0.610163969371336,0.389530555196463,-0.671587365914615,-0.537711937309851,-0.744583282403149,-0.839393822577922,1
